1.0035 1.0102 1.0102 1.0089 1.0089 0.9753 1.1299 1.0801 1.0102 1.0237 1.0089 0.99277 0.99411 1.0156 1.0129 1.0116 0.98202 0.98336 0.99008 0.98336 1.0492 1.0707 1.0022 0.99815 1.0183 0.99277 1.0129 1.068 1.0653 1.0707 1.0869 1.06 1.0452 1.0492 1.0506 1.064 1.0223 1.064 1.0492 1.0519
0.93228 0.92019 0.9175 0.90944 0.91078 0.89331 1.0035 0.99142 0.93228 0.96589 0.92691 0.92422 0.91481 0.91884 0.93363 0.91616 0.89734 0.88524 0.93766 0.89734 0.98202 0.95513 0.94304 0.93094 0.92691 0.91481 0.93094 0.99949 0.98739 0.9753 1.0049 0.99277 0.98067 0.98605 0.9847 0.99546 0.95782 1.0049 1.0197 1.0344
0.86911 0.8503 0.83282 0.82745 0.82073 0.79519 0.9175 0.90003 0.85567 0.91481 0.87046 0.8718 0.85433 0.84761 0.8382 0.83417 0.85298 0.83148 0.89331 0.84358 0.92288 0.90137 0.87315 0.85433 0.85164 0.84223 0.86105 0.97261 0.92556 0.91212 0.96454 0.93901 0.9054 0.89868 0.89331 0.89196 0.91616 0.96589 1.0102 1.0197
0.77503 0.72664 0.70782 0.68228 0.68363 0.66078 0.77772 0.77503 0.72126 0.82745 0.79519 0.76293 0.7347 0.72126 0.71454 0.70513 0.76024 0.71185 0.81266 0.72798 0.88927 0.80863 0.7589 0.72664 0.7132 0.70245 0.71858 0.92422 0.82341 0.80594 0.92422 0.86374 0.77906 0.75487 0.74815 0.75218 0.83013 0.84895 1.0049 1.0197
0.74949 0.68766 0.65137 0.62583 0.62583 0.59492 0.71051 0.71185 0.66616 0.78309 0.76024 0.71589 0.6796 0.65272 0.64599 0.63793 0.72261 0.64868 0.77637 0.68094 0.87449 0.76831 0.70513 0.67153 0.65675 0.64331 0.65944 0.9054 0.77637 0.75755 0.91481 0.83685 0.74546 0.71051 0.70513 0.70379 0.81266 0.81938 1.0049 1.025
0.71589 0.63927 0.60836 0.56938 0.57073 0.54384 0.65809 0.6554 0.61642 0.75487 0.73202 0.68094 0.63927 0.61374 0.60298 0.59358 0.69035 0.60567 0.74815 0.63793 0.87583 0.7468 0.67288 0.62583 0.60702 0.58685 0.61508 0.90003 0.74546 0.72395 0.90675 0.81132 0.69976 0.65003 0.64331 0.63793 0.77772 0.78175 1.0129 1.0398
0.69035 0.61642 0.57879 0.55191 0.54922 0.52234 0.63927 0.6339 0.58954 0.72261 0.70379 0.65809 0.61508 0.59089 0.58551 0.57341 0.66347 0.58417 0.7253 0.61911 0.8503 0.71589 0.64196 0.60298 0.59089 0.58417 0.59492 0.87852 0.71589 0.69573 0.89062 0.78847 0.67153 0.6339 0.62583 0.62449 0.75352 0.75621 0.99815 1.0264
0.6675 0.6003 0.57341 0.54788 0.54653 0.51831 0.64599 0.62987 0.58417 0.70648 0.68766 0.64599 0.6097 0.5882 0.58282 0.5761 0.65137 0.57879 0.70782 0.61374 0.81804 0.69976 0.63524 0.59761 0.58954 0.58954 0.6003 0.8503 0.70917 0.68094 0.86239 0.76831 0.66481 0.63255 0.62449 0.62315 0.74008 0.74142 0.97126 0.99411
0.67019 0.61911 0.59358 0.5882 0.58148 0.56938 0.69438 0.66884 0.61777 0.71723 0.69976 0.66347 0.63255 0.62583 0.61508 0.61911 0.66481 0.61105 0.71454 0.63255 0.79788 0.70648 0.65809 0.63659 0.63255 0.63121 0.6339 0.83551 0.71992 0.69841 0.83954 0.77234 0.69169 0.67019 0.67288 0.66212 0.74411 0.75755 0.93497 0.95782
0.69573 0.66347 0.66481 0.64465 0.63659 0.63793 0.76696 0.73874 0.68497 0.75218 0.72933 0.70379 0.7011 0.69438 0.69169 0.68094 0.69841 0.67691 0.74546 0.67691 0.80594 0.74546 0.71992 0.69707 0.69304 0.69573 0.7011 0.84492 0.76159 0.76159 0.84626 0.79384 0.73336 0.72126 0.7132 0.7253 0.76293 0.78712 0.92691 0.94304
0.74277 0.74815 0.74008 0.73336 0.72933 0.69573 0.85567 0.82073 0.75487 0.79384 0.7589 0.76024 0.76427 0.75487 0.75352 0.75352 0.74008 0.73605 0.78712 0.74142 0.81669 0.79788 0.7804 0.77099 0.76696 0.75218 0.77772 0.86374 0.83013 0.82207 0.84626 0.83148 0.81132 0.80325 0.8046 0.82207 0.81401 0.86239 0.90944 0.91884
0.72798 0.71723 0.70917 0.69169 0.68632 0.74411 0.83148 0.78175 0.71992 0.76427 0.74142 0.75083 0.73202 0.71723 0.72798 0.70648 0.72798 0.69976 0.76427 0.72798 0.78444 0.76562 0.73874 0.72664 0.74949 0.72395 0.73874 0.81669 0.78444 0.77234 0.80997 0.80728 0.78712 0.77099 0.76965 0.78309 0.79116 0.83417 0.85433 0.84761
0.64465 0.64599 0.63793 0.63927 0.63524 0.63524 0.77906 0.72933 0.67422 0.68632 0.67422 0.67556 0.6796 0.66481 0.68094 0.67153 0.65406 0.65406 0.68363 0.65944 0.68632 0.68363 0.67691 0.67153 0.68497 0.66212 0.68497 0.74411 0.74815 0.72261 0.7253 0.71589 0.73336 0.72664 0.73739 0.73739 0.71051 0.78712 0.7589 0.75083
0.48336 0.48739 0.4847 0.48202 0.48067 0.46723 0.62987 0.57745 0.52099 0.51696 0.51696 0.51293 0.51831 0.52099 0.50352 0.50083 0.4753 0.49142 0.54116 0.49142 0.53847 0.54116 0.54653 0.51965 0.51831 0.51831 0.54653 0.61105 0.62583 0.57879 0.57879 0.58148 0.59358 0.60836 0.60298 0.6003 0.55056 0.66347 0.65406 0.65272
0.36508 0.37449 0.36911 0.36777 0.37046 0.36105 0.52906 0.46454 0.4175 0.40809 0.42288 0.4175 0.42422 0.4296 0.40944 0.40809 0.38524 0.40272 0.46185 0.39331 0.43901 0.44707 0.44304 0.42422 0.40809 0.40406 0.44438 0.51965 0.5425 0.47798 0.48336 0.48605 0.50487 0.51831 0.50755 0.50487 0.44573 0.58282 0.58282 0.5882
0.33148 0.32745 0.32476 0.31804 0.31669 0.30728 0.4753 0.41884 0.3597 0.36374 0.36642 0.37315 0.37852 0.37046 0.36105 0.35702 0.33685 0.35298 0.42019 0.34089 0.39599 0.40675 0.40137 0.37583 0.36508 0.36105 0.40003 0.48336 0.50621 0.43901 0.44304 0.4511 0.46454 0.47664 0.46589 0.45782 0.41078 0.55728 0.54788 0.56266
0.29116 0.29116 0.2804 0.27772 0.27637 0.27099 0.44035 0.38255 0.31938 0.32207 0.3382 0.33417 0.33954 0.33685 0.32476 0.32879 0.30191 0.31669 0.3839 0.30863 0.35702 0.36642 0.3597 0.33282 0.33148 0.3261 0.36239 0.43901 0.45648 0.39331 0.39868 0.39868 0.41481 0.41884 0.41212 0.40406 0.36239 0.51159 0.50083 0.52637
0.27099 0.27099 0.26831 0.26024 0.26159 0.25755 0.43363 0.36508 0.30191 0.30325 0.32341 0.32207 0.32476 0.3261 0.31804 0.32207 0.28712 0.30325 0.36508 0.30056 0.33417 0.34761 0.33954 0.32207 0.31804 0.31669 0.34626 0.42019 0.43766 0.37987 0.38121 0.38121 0.39734 0.40675 0.39465 0.38659 0.34492 0.48336 0.48067 0.49815
0.27099 0.27503 0.26965 0.26965 0.26831 0.26562 0.44707 0.37583 0.30728 0.30863 0.33013 0.32879 0.32879 0.33013 0.32341 0.33013 0.29519 0.3046 0.36239 0.30325 0.34223 0.35433 0.34895 0.32745 0.32745 0.32745 0.35298 0.42153 0.43766 0.38793 0.37852 0.38255 0.39599 0.40406 0.39599 0.38793 0.34358 0.47664 0.47395 0.49008
0.30863 0.31401 0.31266 0.31266 0.30863 0.31804 0.49546 0.42019 0.35164 0.34895 0.35836 0.36105 0.37046 0.36911 0.3597 0.36642 0.33013 0.33954 0.38255 0.34089 0.38659 0.38524 0.38524 0.37046 0.3718 0.36911 0.39062 0.45513 0.46589 0.42691 0.42153 0.42019 0.43632 0.43497 0.44169 0.43901 0.38927 0.50755 0.49949 0.51159
0.34492 0.36777 0.36105 0.36642 0.36508 0.3718 0.54384 0.46589 0.40809 0.40406 0.41347 0.41212 0.41212 0.41884 0.40944 0.41884 0.37583 0.38927 0.43094 0.39465 0.42019 0.4296 0.42288 0.41616 0.4054 0.40944 0.43766 0.49546 0.51024 0.46992 0.45917 0.45782 0.47126 0.47798 0.48202 0.48336 0.42825 0.53578 0.5304 0.53444
0.46185 0.46454 0.46992 0.46858 0.46051 0.4753 0.64196 0.5761 0.49949 0.50352 0.49815 0.49411 0.49277 0.50218 0.49277 0.49949 0.45917 0.46454 0.50218 0.47798 0.51427 0.51024 0.50755 0.49411 0.4968 0.49815 0.52368 0.57073 0.58417 0.55728 0.5425 0.55056 0.55325 0.56401 0.56132 0.56669 0.52637 0.60702 0.59492 0.59761
0.55997 0.56132 0.56401 0.56938 0.56535 0.5882 0.75083 0.68228 0.59626 0.6003 0.6003 0.6003 0.60433 0.60567 0.62046 0.6339 0.56535 0.57207 0.58954 0.59492 0.59358 0.60433 0.6003 0.61105 0.60836 0.60702 0.61777 0.64734 0.64734 0.6554 0.64196 0.65003 0.66078 0.67019 0.6796 0.69304 0.64196 0.69438 0.65809 0.63927
0.44707 0.44841 0.4511 0.45245 0.4511 0.45245 0.65675 0.57073 0.49008 0.48874 0.49142 0.49008 0.49411 0.50083 0.50083 0.49815 0.45513 0.46858 0.48739 0.48202 0.4847 0.49546 0.49546 0.48739 0.4847 0.47261 0.50755 0.54653 0.52906 0.53712 0.50621 0.52906 0.54116 0.5546 0.56132 0.56669 0.51696 0.6003 0.53981 0.50487
0.31401 0.32073 0.32073 0.32073 0.32476 0.32476 0.53175 0.43901 0.35567 0.36105 0.3839 0.37315 0.38121 0.38659 0.39196 0.38659 0.33551 0.34895 0.37449 0.3718 0.35836 0.36508 0.3718 0.36508 0.35702 0.35836 0.38524 0.42825 0.41481 0.42019 0.39331 0.40944 0.42556 0.44707 0.4511 0.45513 0.40809 0.52637 0.42019 0.38255
0.26965 0.27503 0.27368 0.27234 0.27234 0.26965 0.49142 0.39599 0.3046 0.31804 0.33551 0.32745 0.33417 0.3382 0.33954 0.33551 0.28444 0.29788 0.33148 0.32341 0.32207 0.32879 0.32476 0.3261 0.32073 0.31535 0.34223 0.38793 0.36911 0.37987 0.3597 0.3718 0.38793 0.40137 0.41481 0.41616 0.37046 0.4968 0.38524 0.34492
0.23202 0.23067 0.23336 0.2347 0.2347 0.23336 0.45648 0.35567 0.26427 0.27503 0.30325 0.29653 0.2925 0.30191 0.3046 0.29653 0.25083 0.26159 0.2925 0.28444 0.2804 0.28175 0.28309 0.27772 0.27368 0.27503 0.30728 0.34492 0.32745 0.3382 0.3046 0.31938 0.33551 0.34626 0.35433 0.36374 0.32073 0.45648 0.33417 0.28981
0.21723 0.2253 0.2253 0.2253 0.22261 0.21858 0.45782 0.34895 0.24949 0.27503 0.30325 0.29519 0.28712 0.29116 0.29116 0.2925 0.24411 0.25218 0.27234 0.28175 0.26427 0.26831 0.27099 0.26831 0.26427 0.26562 0.29519 0.32745 0.3261 0.32207 0.29653 0.30191 0.31938 0.32879 0.3382 0.34492 0.29788 0.42556 0.30997 0.2804
0.23336 0.23739 0.24008 0.24008 0.23605 0.23336 0.4753 0.36777 0.2589 0.28981 0.31401 0.3046 0.29653 0.29519 0.29922 0.30594 0.25352 0.25755 0.27772 0.29384 0.27368 0.27503 0.27772 0.27637 0.27637 0.27503 0.30325 0.33148 0.33282 0.33282 0.30728 0.31132 0.32207 0.33013 0.34223 0.34492 0.29922 0.4175 0.31401 0.28578
0.28309 0.28444 0.28847 0.28712 0.28712 0.27234 0.52503 0.41481 0.30863 0.34223 0.36105 0.34358 0.34089 0.33685 0.34089 0.34223 0.29653 0.30191 0.31401 0.33954 0.3261 0.32207 0.32476 0.32476 0.32476 0.31266 0.34626 0.37583 0.38793 0.38121 0.36642 0.36777 0.37852 0.38927 0.39465 0.39465 0.3503 0.44976 0.36105 0.33685
0.32745 0.3382 0.33551 0.33551 0.33551 0.32879 0.56401 0.46051 0.35836 0.38659 0.40809 0.38659 0.38659 0.38659 0.38927 0.39465 0.34626 0.35164 0.35836 0.38793 0.36508 0.36374 0.36374 0.36642 0.36508 0.36508 0.39062 0.41616 0.42422 0.42422 0.4054 0.40675 0.41481 0.42691 0.4296 0.43766 0.3839 0.47933 0.40272 0.38121
0.45917 0.4632 0.46454 0.46589 0.45648 0.4511 0.69169 0.58685 0.49008 0.51024 0.51696 0.50621 0.49546 0.49277 0.4968 0.49546 0.46454 0.46185 0.47261 0.4968 0.47664 0.47798 0.4753 0.4753 0.47664 0.47395 0.50218 0.52234 0.53578 0.53578 0.52503 0.52368 0.51965 0.52637 0.53309 0.53712 0.48605 0.54653 0.51562 0.49949
0.56804 0.57073 0.57207 0.58551 0.5761 0.58954 0.7925 0.70513 0.59358 0.60836 0.62046 0.61508 0.61374 0.61508 0.6218 0.63927 0.57207 0.57745 0.57341 0.61374 0.59089 0.59089 0.59223 0.59223 0.58685 0.60567 0.62449 0.63524 0.63793 0.65406 0.64331 0.64734 0.6554 0.65944 0.65272 0.67556 0.61642 0.63793 0.61642 0.61911
0.50352 0.50218 0.50352 0.50083 0.49949 0.4968 0.73202 0.62718 0.52906 0.53175 0.54788 0.53712 0.52772 0.53578 0.53712 0.53847 0.48605 0.49277 0.48874 0.53309 0.50487 0.50083 0.50352 0.49949 0.50083 0.49949 0.53981 0.54788 0.54519 0.56401 0.54922 0.54653 0.55863 0.56401 0.57073 0.57207 0.51965 0.55056 0.51831 0.49815
0.39331 0.39062 0.40137 0.39465 0.37315 0.37449 0.6218 0.50621 0.42019 0.42019 0.45917 0.44573 0.44035 0.43766 0.43632 0.44304 0.39599 0.39331 0.38927 0.44169 0.39465 0.38524 0.38927 0.38793 0.38524 0.38524 0.42153 0.43363 0.43363 0.44976 0.45917 0.44841 0.45648 0.4753 0.48067 0.48874 0.42153 0.46185 0.41347 0.40003
0.3597 0.35702 0.34895 0.34223 0.34223 0.33417 0.59089 0.4753 0.38793 0.38121 0.42153 0.40137 0.38793 0.38927 0.38927 0.39331 0.34761 0.34223 0.34223 0.39331 0.35836 0.34492 0.34895 0.34626 0.34895 0.34761 0.38255 0.39868 0.39331 0.4175 0.41884 0.41078 0.41481 0.4296 0.43766 0.44573 0.37583 0.42691 0.36508 0.35836
0.32745 0.31535 0.30728 0.30056 0.30056 0.28847 0.55863 0.43094 0.34223 0.3382 0.38793 0.36105 0.3503 0.35298 0.35164 0.35567 0.30325 0.3046 0.30056 0.35836 0.31804 0.30594 0.30056 0.29788 0.31266 0.31266 0.34492 0.34223 0.35298 0.36642 0.36642 0.35433 0.3597 0.36777 0.37852 0.39331 0.31669 0.36911 0.31669 0.30594
0.32745 0.31401 0.30728 0.29519 0.29384 0.27772 0.56401 0.4296 0.34626 0.34358 0.39599 0.36239 0.34626 0.34223 0.34089 0.34223 0.30325 0.29519 0.28578 0.36105 0.31804 0.29116 0.29384 0.29116 0.29519 0.29788 0.34089 0.33551 0.34761 0.3597 0.36777 0.35164 0.34895 0.35702 0.36777 0.37852 0.30728 0.3503 0.30325 0.29384
0.3503 0.34089 0.32745 0.30997 0.31266 0.28712 0.5882 0.44707 0.36642 0.35702 0.4175 0.38121 0.36105 0.35298 0.35164 0.35567 0.31938 0.30863 0.29653 0.37987 0.33551 0.30325 0.30191 0.30056 0.3046 0.30594 0.35298 0.34223 0.35702 0.36911 0.37987 0.36239 0.35702 0.36105 0.36911 0.37718 0.31266 0.34626 0.30325 0.30056
0.39062 0.37987 0.37315 0.35702 0.35433 0.33551 0.62449 0.49142 0.41212 0.40137 0.45245 0.42153 0.40003 0.39465 0.39331 0.40003 0.36239 0.34626 0.33685 0.42019 0.38255 0.34089 0.35164 0.3503 0.34761 0.34895 0.39465 0.38659 0.40809 0.41616 0.44035 0.42019 0.41212 0.41616 0.41616 0.42153 0.36642 0.38659 0.35702 0.3597
0.41884 0.41616 0.42153 0.4054 0.38793 0.37987 0.65944 0.52906 0.44169 0.44304 0.4968 0.46454 0.44976 0.44304 0.44035 0.44438 0.41078 0.39868 0.38659 0.46454 0.42556 0.39196 0.39734 0.38659 0.38659 0.38927 0.43497 0.43228 0.44573 0.45513 0.48067 0.46454 0.45648 0.46185 0.45379 0.46454 0.40944 0.43228 0.40809 0.39868
0.54788 0.54519 0.53175 0.52368 0.51965 0.49277 0.77637 0.65406 0.57073 0.56132 0.58685 0.56669 0.54653 0.5425 0.5425 0.54653 0.51562 0.49949 0.49008 0.56401 0.53444 0.49949 0.50487 0.49949 0.4968 0.50083 0.55325 0.54116 0.55191 0.56401 0.58282 0.56535 0.55594 0.5546 0.55863 0.5546 0.51159 0.52099 0.51024 0.49815
0.63927 0.63255 0.63659 0.63524 0.62987 0.59761 0.87449 0.76965 0.66347 0.66347 0.67288 0.66884 0.66347 0.65809 0.65272 0.65406 0.61374 0.6097 0.59761 0.66616 0.63659 0.62583 0.61777 0.62449 0.62449 0.62046 0.67422 0.66212 0.6675 0.69304 0.68363 0.68363 0.68094 0.67556 0.67422 0.6796 0.61508 0.60567 0.60567 0.61777
0.60164 0.59492 0.59089 0.58685 0.58685 0.56938 0.84492 0.72933 0.62315 0.60836 0.66212 0.6218 0.60702 0.6003 0.60567 0.6003 0.57073 0.5546 0.5425 0.6339 0.59761 0.55863 0.5546 0.55863 0.55997 0.56401 0.61777 0.59223 0.59895 0.62718 0.65944 0.6339 0.62315 0.61777 0.62046 0.61911 0.56401 0.54519 0.5425 0.53981
0.55325 0.53981 0.53444 0.52234 0.50487 0.50218 0.79384 0.66481 0.5546 0.55191 0.6218 0.57073 0.54653 0.54384 0.54384 0.54922 0.5304 0.50621 0.4847 0.59089 0.55325 0.49142 0.48874 0.48605 0.48605 0.49546 0.55997 0.51159 0.52772 0.56266 0.61911 0.5882 0.55997 0.55594 0.55325 0.56804 0.49949 0.48067 0.48739 0.48202
0.51427 0.49815 0.48739 0.4753 0.47664 0.45782 0.75352 0.62583 0.51831 0.51696 0.59223 0.52906 0.49949 0.49411 0.49411 0.49949 0.48605 0.45782 0.43363 0.55325 0.52234 0.45379 0.44304 0.44169 0.44169 0.4511 0.52099 0.46992 0.49277 0.52906 0.5882 0.55056 0.52503 0.51696 0.52099 0.52906 0.46589 0.43632 0.44438 0.43766
0.49142 0.46723 0.45245 0.44169 0.44035 0.42422 0.72798 0.59492 0.48874 0.4847 0.58282 0.50487 0.47261 0.46454 0.46589 0.46723 0.46858 0.43228 0.4054 0.53309 0.50083 0.41481 0.40809 0.40272 0.40003 0.4054 0.49546 0.43228 0.45513 0.4968 0.56535 0.51427 0.47933 0.47261 0.47395 0.48739 0.42825 0.39465 0.40406 0.39062
0.4968 0.4753 0.45917 0.44035 0.44035 0.40675 0.73605 0.59895 0.49411 0.48739 0.59358 0.51293 0.46992 0.45917 0.45782 0.45917 0.4753 0.43363 0.41078 0.5425 0.51024 0.41347 0.4054 0.39599 0.39465 0.39734 0.49815 0.42691 0.45513 0.49546 0.56804 0.51427 0.4753 0.4632 0.4632 0.47126 0.42691 0.39196 0.40003 0.37987
0.51696 0.49815 0.47664 0.45782 0.45513 0.41481 0.75218 0.61911 0.51024 0.50352 0.61374 0.52906 0.47798 0.46454 0.46454 0.46454 0.48874 0.44573 0.42019 0.55594 0.53578 0.4296 0.4175 0.4054 0.40272 0.41078 0.52099 0.43632 0.46723 0.51159 0.59089 0.52772 0.4847 0.46858 0.46454 0.47126 0.43497 0.40272 0.41212 0.38524
0.5546 0.5304 0.51293 0.49815 0.49277 0.44976 0.7925 0.6554 0.54384 0.53847 0.63659 0.5546 0.51562 0.49815 0.4968 0.49277 0.51696 0.47395 0.44976 0.58148 0.57073 0.46992 0.46454 0.44707 0.44976 0.44438 0.55594 0.4753 0.51427 0.55325 0.62718 0.57207 0.53712 0.51427 0.50755 0.5089 0.48605 0.44304 0.46185 0.42556
0.59895 0.5761 0.56535 0.54788 0.52368 0.4968 0.83417 0.69841 0.5882 0.58417 0.67153 0.6003 0.55863 0.54788 0.54519 0.54653 0.56401 0.52772 0.50487 0.62852 0.60164 0.51562 0.50218 0.49411 0.49008 0.4968 0.59358 0.51831 0.54922 0.59492 0.66078 0.61508 0.5761 0.55863 0.55191 0.55191 0.51965 0.49277 0.50621 0.47261
0.65272 0.64062 0.62852 0.61911 0.61642 0.57476 0.89465 0.76831 0.66212 0.65944 0.71454 0.66212 0.63524 0.6218 0.61642 0.62315 0.62046 0.59358 0.57207 0.68094 0.65137 0.59089 0.58417 0.57341 0.57476 0.57341 0.66212 0.6003 0.63121 0.66884 0.70782 0.66884 0.65137 0.62315 0.61374 0.61239 0.59223 0.56266 0.57476 0.5425
0.74008 0.7347 0.73739 0.73202 0.72798 0.70379 0.99546 0.86777 0.75083 0.75487 0.7804 0.76831 0.75218 0.74546 0.75218 0.74949 0.72261 0.71185 0.69035 0.77637 0.73605 0.69707 0.7011 0.69304 0.70917 0.7011 0.76159 0.7253 0.75352 0.78309 0.79519 0.78175 0.7804 0.74546 0.74949 0.72798 0.72126 0.6796 0.69304 0.67288
0.81938 0.81938 0.82745 0.81669 0.81401 0.81401 1.0734 0.95782 0.84492 0.85298 0.84358 0.84761 0.83282 0.83685 0.84761 0.83013 0.79788 0.80056 0.77368 0.84761 0.79922 0.77503 0.77503 0.77503 0.77906 0.78175 0.84223 0.83148 0.84089 0.8597 0.8597 0.84492 0.84761 0.82341 0.83954 0.82073 0.78981 0.74411 0.76024 0.74411
0.91212 0.92019 0.92422 0.90272 0.90944 0.92691 1.1554 1.0627 0.94438 0.94841 0.91481 0.9296 0.9296 0.92288 0.92691 0.92556 0.88121 0.87987 0.85567 0.92691 0.86374 0.84626 0.85164 0.86642 0.85702 0.86777 0.90944 0.93228 0.92288 0.94841 0.9296 0.91481 0.91884 0.90406 0.92153 0.91078 0.87315 0.81266 0.82745 0.83685
0.99142 1.0116 1.0143 1.0102 1.0089 1.0331 1.2266 1.1487 1.0479 1.0425 0.98067 1.0116 1.0049 1.0237 1.0183 1.017 0.96858 0.96992 0.93363 0.99142 0.93901 0.93228 0.93632 0.94169 0.9632 0.95513 0.99008 1.0291 1.0116 1.0331 1.0008 0.99142 0.99949 0.99277 0.99142 0.99008 0.94035 0.90944 0.93228 0.93363
0.46187 0.46859 0.46859 0.46993 0.47396 0.4753 0.18508 0.34497 0.42559 0.4135 0.41618 0.41753 0.42962 0.44306 0.44306 0.44843 0.4229 0.4444 0.51427 0.40812 0.51427 0.5613 0.52771 0.51696 0.53308 0.51696 0.46456 0.58817 0.57608 0.52368 0.5089 0.50218 0.49949 0.50083 0.50218 0.50218 0.53174 0.57473 0.55995 0.55995
0.39066 0.38394 0.38797 0.38797 0.39603 0.41081 0.1394 0.2872 0.35975 0.349 0.35572 0.35706 0.36513 0.37453 0.38259 0.38394 0.34363 0.3611 0.42828 0.33825 0.42559 0.4444 0.43231 0.435 0.43365 0.42828 0.38662 0.49546 0.47934 0.42559 0.4135 0.41215 0.4014 0.40678 0.41081 0.40812 0.41081 0.43634 0.42559 0.46052
0.32616 0.32347 0.32616 0.33825 0.34497 0.37319 0.1273 0.2536 0.31138 0.29391 0.30063 0.31272 0.32213 0.3396 0.33557 0.35035 0.29929 0.31944 0.37319 0.29929 0.32885 0.35438 0.36244 0.36781 0.36781 0.36513 0.33019 0.42022 0.41618 0.36513 0.34228 0.33825 0.34363 0.34766 0.35169 0.34632 0.34632 0.35706 0.3611 0.36916
0.22404 0.24823 0.27645 0.30735 0.31676 0.36244 0.13268 0.2227 0.26704 0.19986 0.21598 0.23748 0.27107 0.30332 0.30332 0.3396 0.20389 0.26435 0.2751 0.23345 0.21867 0.25495 0.29257 0.3181 0.32885 0.33825 0.29257 0.30466 0.33557 0.2966 0.21195 0.22404 0.27376 0.29929 0.31138 0.31944 0.24017 0.25898 0.24286 0.24957
0.17567 0.21061 0.24554 0.2872 0.29526 0.35303 0.14611 0.20658 0.24823 0.14746 0.16896 0.2012 0.24554 0.28585 0.29794 0.3396 0.16358 0.25092 0.23479 0.20255 0.16761 0.21867 0.2657 0.31004 0.33154 0.36513 0.2966 0.25898 0.30466 0.27107 0.16493 0.18642 0.24554 0.28451 0.30332 0.30869 0.20523 0.22808 0.19314 0.2012
0.12865 0.18374 0.22673 0.28048 0.28585 0.34766 0.15552 0.19717 0.23345 0.10446 0.12865 0.16896 0.22404 0.26973 0.2872 0.33422 0.12327 0.23211 0.18777 0.17567 0.11521 0.17836 0.23748 0.29526 0.32213 0.36916 0.28988 0.20792 0.26435 0.23479 0.095056 0.1273 0.20792 0.26435 0.28182 0.28585 0.1488 0.18642 0.1394 0.14074
0.12999 0.18911 0.23614 0.29123 0.29794 0.35975 0.17567 0.20658 0.24286 0.10984 0.12999 0.17164 0.23076 0.28316 0.29391 0.34632 0.12865 0.2442 0.19449 0.18374 0.10581 0.18105 0.24554 0.30466 0.33422 0.38662 0.30332 0.20255 0.26973 0.24151 0.091025 0.12999 0.21598 0.27645 0.29257 0.30063 0.1488 0.19314 0.12596 0.12462
0.14611 0.21867 0.26838 0.32347 0.33422 0.38662 0.20658 0.23479 0.27376 0.14208 0.15955 0.19717 0.25092 0.31138 0.32213 0.37184 0.16089 0.26301 0.21867 0.2133 0.12462 0.20658 0.26973 0.33691 0.3611 0.41081 0.33557 0.21867 0.30198 0.27645 0.10715 0.15552 0.24957 0.30198 0.32347 0.33019 0.17433 0.21867 0.13133 0.13268
0.2133 0.27376 0.30869 0.36916 0.37184 0.43634 0.22942 0.28048 0.31676 0.18642 0.20792 0.25092 0.29391 0.35169 0.35841 0.40544 0.20523 0.31004 0.2751 0.24957 0.18374 0.26032 0.31541 0.37722 0.39737 0.42693 0.3611 0.28048 0.349 0.3181 0.17971 0.21867 0.30063 0.35169 0.37319 0.37184 0.24286 0.28048 0.18508 0.17702
0.2657 0.31272 0.35706 0.39334 0.39737 0.45112 0.22673 0.30735 0.35035 0.24554 0.26704 0.2966 0.34632 0.38394 0.38662 0.42156 0.25898 0.34632 0.32885 0.29123 0.23345 0.31407 0.36378 0.39334 0.40947 0.4229 0.37184 0.33154 0.39469 0.35975 0.2227 0.25629 0.33288 0.37722 0.38931 0.39469 0.27779 0.31272 0.23748 0.23882
0.35572 0.39469 0.40544 0.42022 0.4229 0.44978 0.23614 0.34228 0.38394 0.33422 0.33154 0.35303 0.39469 0.40678 0.40275 0.41484 0.33288 0.38125 0.39603 0.349 0.33557 0.38797 0.4135 0.42559 0.42559 0.43096 0.40275 0.435 0.45784 0.42828 0.35975 0.37319 0.41081 0.41753 0.41887 0.40409 0.37856 0.38931 0.35841 0.34497
0.42156 0.42693 0.43231 0.4444 0.44978 0.43634 0.26167 0.37319 0.40812 0.37856 0.40409 0.40409 0.41887 0.42559 0.41753 0.42828 0.37453 0.39737 0.42828 0.40006 0.39737 0.43096 0.44709 0.44574 0.43768 0.44306 0.42559 0.48874 0.46993 0.45918 0.40275 0.42022 0.43365 0.42559 0.42559 0.40678 0.4135 0.38797 0.39334 0.38797
0.44843 0.44574 0.45246 0.45381 0.46187 0.47396 0.29794 0.39469 0.41887 0.39872 0.42693 0.42828 0.43096 0.43231 0.42828 0.44306 0.39469 0.40409 0.43096 0.42425 0.41887 0.43768 0.44037 0.4444 0.44978 0.44843 0.42962 0.48337 0.46456 0.46187 0.42962 0.43903 0.435 0.42022 0.42156 0.40409 0.42156 0.37453 0.37856 0.37184
0.41081 0.41484 0.43096 0.44171 0.44574 0.49815 0.34497 0.40275 0.38931 0.37991 0.39603 0.39872 0.39469 0.40275 0.42693 0.46187 0.35975 0.36513 0.349 0.41753 0.37453 0.38662 0.40409 0.4229 0.44574 0.45918 0.4014 0.41215 0.39469 0.435 0.36916 0.38125 0.37856 0.36647 0.3705 0.36244 0.37856 0.27107 0.27779 0.26032
0.37722 0.38931 0.41484 0.43231 0.435 0.51427 0.37319 0.40812 0.37184 0.37319 0.37722 0.38259 0.37588 0.38394 0.42828 0.48202 0.33825 0.34632 0.30601 0.41618 0.34497 0.34228 0.36378 0.40947 0.44171 0.46724 0.37856 0.36378 0.34632 0.41215 0.32213 0.3396 0.33557 0.32079 0.33288 0.33825 0.34766 0.19986 0.20658 0.18239
0.37184 0.37856 0.40947 0.42828 0.43231 0.52636 0.38931 0.41081 0.36244 0.36647 0.3705 0.37722 0.37184 0.38125 0.43365 0.49277 0.33557 0.33691 0.28585 0.41887 0.33691 0.33154 0.35706 0.40678 0.4444 0.47262 0.37588 0.34766 0.32616 0.40409 0.31004 0.32616 0.3181 0.30466 0.32347 0.33019 0.33825 0.17836 0.17836 0.15686
0.37184 0.38259 0.41484 0.43768 0.44037 0.53711 0.40812 0.42022 0.36513 0.37184 0.37588 0.38259 0.37856 0.39066 0.44978 0.51427 0.34094 0.34094 0.28182 0.43231 0.34228 0.33557 0.3611 0.42022 0.46052 0.49412 0.38394 0.35035 0.32347 0.4135 0.30601 0.31944 0.31138 0.29794 0.32079 0.33154 0.3396 0.15686 0.15552 0.12865
0.38931 0.40275 0.43365 0.45784 0.46321 0.56667 0.43903 0.44843 0.38662 0.392 0.392 0.40275 0.39603 0.40947 0.46993 0.53039 0.36378 0.3611 0.29526 0.45112 0.35975 0.35438 0.37991 0.44037 0.47934 0.51158 0.40275 0.35975 0.33691 0.43365 0.31944 0.33422 0.32482 0.31004 0.33288 0.34632 0.35706 0.16089 0.16493 0.13671
0.41887 0.42962 0.45918 0.48337 0.48874 0.5922 0.45515 0.47396 0.4135 0.42022 0.41887 0.42828 0.41618 0.42559 0.48202 0.5492 0.38259 0.37991 0.3181 0.46724 0.38797 0.38394 0.40678 0.46052 0.50621 0.53308 0.42559 0.38394 0.36244 0.45784 0.34094 0.3611 0.35035 0.33154 0.35841 0.3705 0.38394 0.18777 0.18777 0.16089
0.44171 0.44978 0.48202 0.50218 0.50352 0.5922 0.45784 0.48068 0.43365 0.44037 0.435 0.4444 0.43768 0.44709 0.49949 0.55189 0.40275 0.40275 0.34228 0.48202 0.40947 0.40544 0.42559 0.47799 0.51561 0.54249 0.44037 0.41081 0.39066 0.47396 0.37319 0.38662 0.37991 0.36378 0.38931 0.38931 0.40275 0.22136 0.22942 0.20523
0.45112 0.46456 0.4874 0.50621 0.5089 0.5828 0.4444 0.47934 0.44574 0.4444 0.44574 0.45112 0.44709 0.45515 0.49949 0.5492 0.41081 0.4135 0.36781 0.4874 0.4135 0.4135 0.43231 0.47799 0.51561 0.53711 0.44709 0.43365 0.41081 0.48202 0.39334 0.40678 0.39469 0.38394 0.4014 0.40409 0.41618 0.25226 0.26167 0.23345
0.49277 0.49815 0.51696 0.52636 0.53174 0.57608 0.42828 0.48471 0.4753 0.46724 0.47262 0.47799 0.47262 0.48068 0.50621 0.54114 0.43768 0.4444 0.41753 0.50083 0.45381 0.45649 0.47665 0.50218 0.52636 0.5398 0.48068 0.48605 0.4659 0.5089 0.44171 0.45515 0.44709 0.43365 0.43903 0.43768 0.45246 0.32482 0.33154 0.31541
0.55324 0.55055 0.55458 0.55458 0.55995 0.57473 0.41618 0.50083 0.51293 0.50352 0.53039 0.53174 0.52099 0.52368 0.52905 0.54517 0.49143 0.49412 0.50083 0.53308 0.50486 0.51964 0.52502 0.53711 0.54383 0.54517 0.52368 0.55324 0.54652 0.55458 0.53174 0.53174 0.52502 0.51158 0.5089 0.49546 0.50486 0.43634 0.44037 0.43903
0.57876 0.58414 0.58548 0.58011 0.5828 0.58011 0.4659 0.52905 0.5089 0.55055 0.5828 0.55861 0.53442 0.52233 0.5183 0.54652 0.50621 0.48874 0.47665 0.55189 0.51427 0.50755 0.51561 0.52502 0.54383 0.54517 0.52905 0.53846 0.57608 0.5613 0.55727 0.52771 0.50621 0.48068 0.46859 0.4444 0.45784 0.33154 0.40678 0.45784
0.60564 0.60967 0.60967 0.60161 0.60429 0.59354 0.52368 0.5613 0.51696 0.60026 0.61504 0.58011 0.5398 0.51964 0.51561 0.55727 0.5183 0.48202 0.44574 0.56667 0.51696 0.49143 0.49815 0.51158 0.54383 0.55055 0.52771 0.51024 0.59623 0.5613 0.56667 0.51293 0.48068 0.44843 0.42962 0.40409 0.41618 0.25495 0.3705 0.46187
0.61504 0.62042 0.62042 0.61236 0.6137 0.59892 0.54383 0.56936 0.51561 0.61639 0.62982 0.58817 0.54383 0.51964 0.51561 0.55995 0.52368 0.48068 0.43365 0.57608 0.51427 0.48471 0.49412 0.51024 0.54383 0.55324 0.53039 0.50083 0.60295 0.56533 0.57205 0.51024 0.47262 0.43768 0.41887 0.38931 0.4014 0.22673 0.35572 0.46052
0.62445 0.64057 0.6352 0.62445 0.62714 0.60564 0.56533 0.58683 0.52099 0.6446 0.65401 0.60698 0.55861 0.53308 0.52368 0.57608 0.54114 0.49412 0.435 0.59892 0.52905 0.4968 0.50486 0.52502 0.55995 0.56667 0.54383 0.50486 0.62579 0.57742 0.58414 0.51024 0.47127 0.43634 0.40947 0.38125 0.39066 0.19045 0.35169 0.47262
0.66207 0.67013 0.66744 0.65804 0.66073 0.64326 0.60564 0.61907 0.55189 0.67416 0.68357 0.63654 0.58414 0.55727 0.55324 0.59892 0.56398 0.51293 0.45649 0.62176 0.55458 0.52099 0.52905 0.54383 0.58817 0.5922 0.5707 0.52502 0.65132 0.60698 0.61236 0.54114 0.49412 0.45649 0.43231 0.4014 0.41215 0.20389 0.37184 0.49815
0.68894 0.69432 0.69163 0.68357 0.68491 0.66744 0.62176 0.64326 0.57876 0.69566 0.69835 0.65535 0.60564 0.58145 0.57339 0.61907 0.58548 0.53711 0.49008 0.63923 0.57742 0.5492 0.5492 0.57339 0.60832 0.61773 0.5922 0.55861 0.67148 0.62848 0.63251 0.56667 0.52233 0.48202 0.45649 0.42425 0.43768 0.22942 0.39872 0.52099
0.6876 0.69432 0.69029 0.68088 0.68626 0.67013 0.61236 0.64057 0.58951 0.68626 0.69566 0.65535 0.61101 0.58951 0.5828 0.62579 0.5922 0.54652 0.50621 0.64326 0.58683 0.55995 0.5613 0.5828 0.61504 0.6231 0.59892 0.56802 0.67013 0.63251 0.64057 0.57876 0.53846 0.50486 0.48471 0.45246 0.46456 0.27107 0.42156 0.53039
0.67551 0.68357 0.68088 0.67282 0.67551 0.6661 0.58951 0.62714 0.58683 0.66476 0.68088 0.64729 0.61101 0.5922 0.58414 0.61907 0.58683 0.55458 0.51427 0.63654 0.5828 0.55995 0.56667 0.57876 0.6137 0.61639 0.59892 0.57742 0.6661 0.63385 0.63654 0.58414 0.54786 0.51561 0.4968 0.46993 0.47799 0.30601 0.43903 0.53174
0.6661 0.66879 0.66879 0.66744 0.67148 0.6661 0.54249 0.61101 0.60161 0.63385 0.65266 0.6352 0.61101 0.60026 0.59354 0.61907 0.58145 0.56667 0.55727 0.62579 0.59623 0.59086 0.59758 0.60295 0.62445 0.6231 0.60967 0.61504 0.6567 0.63923 0.63251 0.60564 0.58145 0.55727 0.54114 0.51696 0.52771 0.38931 0.48471 0.53711
0.66341 0.66341 0.66341 0.66207 0.66476 0.67013 0.50755 0.60026 0.62714 0.61773 0.63385 0.62579 0.61907 0.61504 0.60967 0.62445 0.59086 0.5922 0.59892 0.62042 0.6137 0.62042 0.62579 0.62848 0.63788 0.63654 0.62848 0.65804 0.65938 0.65804 0.63923 0.63923 0.62848 0.60161 0.5922 0.58011 0.5922 0.49546 0.54114 0.54517
0.72791 0.71313 0.70775 0.67819 0.68357 0.67013 0.55189 0.62714 0.68222 0.65804 0.69835 0.67013 0.64192 0.62579 0.61504 0.62445 0.62445 0.59892 0.60161 0.66744 0.67416 0.63117 0.63923 0.63251 0.6352 0.62982 0.65132 0.6567 0.68491 0.67013 0.68626 0.6661 0.62982 0.5828 0.56802 0.53577 0.57339 0.45784 0.52099 0.54114
0.79778 0.76956 0.75344 0.7091 0.71581 0.67148 0.62176 0.66476 0.74269 0.71447 0.75747 0.70507 0.66207 0.6352 0.6231 0.62714 0.65132 0.60161 0.59354 0.70238 0.71581 0.62848 0.64326 0.63251 0.63117 0.62714 0.67416 0.6446 0.70372 0.68222 0.72522 0.68626 0.63385 0.56802 0.53846 0.49949 0.55861 0.4135 0.51024 0.53711
0.81256 0.783 0.76956 0.71581 0.72388 0.67148 0.63654 0.67148 0.75612 0.72656 0.77897 0.71985 0.66744 0.63385 0.62176 0.62848 0.65804 0.60295 0.58817 0.71581 0.73059 0.62848 0.64192 0.63251 0.62579 0.62445 0.67954 0.63788 0.71178 0.68491 0.74 0.69297 0.63251 0.55861 0.52368 0.48068 0.5492 0.39603 0.50083 0.53577
0.8354 0.80584 0.7924 0.73194 0.73731 0.67282 0.65938 0.69163 0.78434 0.75209 0.80718 0.74537 0.68222 0.64595 0.62982 0.63251 0.67551 0.6137 0.59086 0.73731 0.75612 0.63385 0.65132 0.64595 0.63251 0.63251 0.697 0.64326 0.73194 0.69835 0.76419 0.71581 0.6446 0.55324 0.5183 0.46456 0.55055 0.37991 0.50352 0.5398
0.87168 0.84077 0.82062 0.7615 0.76956 0.69835 0.69297 0.72388 0.81524 0.77628 0.83271 0.7709 0.7091 0.67013 0.65804 0.65938 0.70641 0.6352 0.61773 0.76419 0.78165 0.66476 0.67954 0.66879 0.65938 0.65535 0.72522 0.6661 0.75478 0.72119 0.7924 0.73463 0.66341 0.5707 0.53039 0.47934 0.56667 0.392 0.51964 0.55995
0.8878 0.86093 0.84346 0.78837 0.7924 0.72253 0.7091 0.74269 0.83137 0.79912 0.84749 0.78837 0.73059 0.69566 0.68222 0.68626 0.72522 0.66476 0.64595 0.78434 0.79509 0.68626 0.70372 0.69029 0.68491 0.67685 0.74269 0.69163 0.77493 0.74269 0.80718 0.75344 0.68626 0.59758 0.55861 0.50218 0.59489 0.41887 0.54383 0.58145
0.87571 0.84615 0.83405 0.78434 0.79106 0.73194 0.69835 0.73731 0.81927 0.78971 0.83809 0.78434 0.73328 0.70372 0.68894 0.69029 0.72253 0.6661 0.6567 0.77762 0.78703 0.697 0.7091 0.70104 0.69297 0.69297 0.74403 0.70507 0.77762 0.75075 0.80181 0.75747 0.697 0.61907 0.58683 0.53711 0.61639 0.44978 0.56398 0.59892
0.85958 0.83271 0.81659 0.77628 0.78165 0.73194 0.67954 0.72925 0.80315 0.77628 0.80853 0.76822 0.72388 0.69835 0.68894 0.69029 0.71044 0.66744 0.65804 0.76015 0.7709 0.697 0.7091 0.70238 0.69432 0.69163 0.74 0.71044 0.76956 0.74806 0.78971 0.75344 0.69969 0.63385 0.60026 0.55458 0.62579 0.47799 0.57742 0.60295
0.79912 0.78837 0.78434 0.75747 0.76284 0.74 0.61773 0.69835 0.75612 0.73463 0.75881 0.73731 0.71178 0.697 0.68894 0.69029 0.69029 0.67013 0.67416 0.73059 0.74 0.70507 0.71581 0.71178 0.70775 0.70372 0.72925 0.73194 0.76015 0.74672 0.75747 0.74 0.70641 0.65938 0.63923 0.60161 0.65132 0.53174 0.60026 0.61504
0.76419 0.75612 0.75612 0.74806 0.74941 0.73731 0.5707 0.68357 0.72253 0.70775 0.72119 0.71044 0.70372 0.69835 0.69029 0.69432 0.67685 0.67685 0.69432 0.70775 0.7185 0.72522 0.73328 0.72656 0.72253 0.71716 0.72791 0.76284 0.75478 0.75747 0.73194 0.73463 0.71447 0.69432 0.67416 0.64729 0.68491 0.60698 0.63385 0.63117
0.82599 0.80718 0.79912 0.783 0.78971 0.74134 0.62714 0.73463 0.76419 0.75881 0.80449 0.7709 0.73059 0.71178 0.697 0.69566 0.75612 0.73328 0.75075 0.78031 0.80987 0.77225 0.75747 0.73597 0.73059 0.71447 0.79106 0.76553 0.78568 0.80449 0.81927 0.80315 0.75612 0.70775 0.66879 0.62982 0.74537 0.65266 0.69566 0.63251
0.87436 0.85152 0.8354 0.8139 0.82331 0.74672 0.67282 0.76956 0.81121 0.80046 0.86093 0.80449 0.75209 0.72388 0.70372 0.69835 0.7924 0.75612 0.77897 0.81927 0.86899 0.80584 0.78434 0.75209 0.73597 0.71716 0.83809 0.77762 0.81659 0.84212 0.87033 0.83405 0.77359 0.71313 0.66207 0.61236 0.7709 0.66879 0.7185 0.62982
0.90527 0.87705 0.85824 0.83137 0.8354 0.74269 0.697 0.78837 0.83137 0.81524 0.89721 0.82734 0.76015 0.72253 0.70372 0.69566 0.82196 0.77359 0.7924 0.84749 0.90258 0.81793 0.79106 0.75478 0.73731 0.71447 0.85958 0.77897 0.82599 0.8569 0.89989 0.85287 0.78031 0.71044 0.64863 0.59086 0.78165 0.67416 0.73328 0.62176
0.93751 0.91199 0.89049 0.85152 0.85958 0.73731 0.73866 0.81659 0.86093 0.84615 0.92945 0.85421 0.77628 0.73731 0.71178 0.69835 0.85824 0.79778 0.82196 0.88243 0.94961 0.85152 0.81524 0.77628 0.75344 0.72791 0.89317 0.79643 0.85018 0.89586 0.93751 0.88511 0.80046 0.7185 0.64595 0.58011 0.80181 0.68894 0.75612 0.62579
0.9617 0.93483 0.91199 0.87839 0.88511 0.75344 0.75747 0.84212 0.88646 0.87033 0.94423 0.87436 0.79643 0.75478 0.73194 0.71716 0.87033 0.81524 0.83809 0.90258 0.96439 0.87436 0.84077 0.79509 0.7709 0.74806 0.91467 0.8139 0.87436 0.91467 0.95498 0.90258 0.81793 0.73597 0.6567 0.58817 0.82196 0.71044 0.77628 0.64057
0.96842 0.94423 0.92273 0.89317 0.89855 0.77897 0.76553 0.85555 0.89317 0.88243 0.94692 0.88243 0.80853 0.77359 0.74941 0.73866 0.87571 0.82734 0.84749 0.90527 0.96707 0.88377 0.85152 0.80987 0.7924 0.76553 0.9187 0.83405 0.88511 0.92139 0.95901 0.91602 0.83271 0.75612 0.68222 0.60295 0.83674 0.72656 0.79106 0.65938
0.95229 0.93214 0.91467 0.89049 0.89452 0.79106 0.75209 0.8448 0.88243 0.87571 0.92811 0.87436 0.81256 0.783 0.75881 0.74806 0.86765 0.82599 0.84615 0.89586 0.94289 0.87571 0.85018 0.81524 0.79912 0.77628 0.90392 0.83809 0.88243 0.91064 0.9402 0.90661 0.83809 0.7709 0.71044 0.64057 0.83674 0.73328 0.7924 0.68222
0.92542 0.90661 0.89452 0.87571 0.88646 0.79778 0.72253 0.82331 0.8663 0.85421 0.89317 0.85555 0.80718 0.78434 0.7615 0.75478 0.84077 0.8139 0.83271 0.86765 0.90527 0.85958 0.83809 0.80853 0.79509 0.77762 0.88511 0.83809 0.86765 0.89183 0.91064 0.88511 0.83405 0.77628 0.72119 0.66207 0.82599 0.72656 0.77628 0.69297
0.87302 0.86093 0.85824 0.84615 0.85287 0.80449 0.67013 0.78837 0.82331 0.80987 0.83137 0.81927 0.78837 0.77493 0.7615 0.75478 0.80181 0.78703 0.80987 0.82465 0.85018 0.83002 0.82062 0.80181 0.79375 0.77762 0.84212 0.83271 0.8448 0.8569 0.86227 0.85287 0.8139 0.77493 0.73866 0.69029 0.80315 0.71581 0.75612 0.69969
0.81659 0.80987 0.81256 0.8139 0.81927 0.82062 0.60295 0.73597 0.77897 0.76553 0.75881 0.75612 0.75881 0.7615 0.75747 0.75747 0.73059 0.74403 0.77762 0.74806 0.783 0.79778 0.80181 0.80046 0.79778 0.79509 0.78971 0.84346 0.82196 0.81927 0.783 0.78703 0.78031 0.77225 0.75881 0.73194 0.76419 0.69835 0.72522 0.71313
0.79912 0.79778 0.80046 0.80718 0.80987 0.82465 0.56533 0.71716 0.76822 0.76284 0.74537 0.74403 0.74941 0.75344 0.74941 0.75612 0.72388 0.73597 0.783 0.73463 0.77359 0.80181 0.80853 0.80853 0.80584 0.79912 0.77493 0.85421 0.83002 0.81256 0.7709 0.77897 0.77628 0.76956 0.76419 0.74672 0.76822 0.72522 0.74537 0.73597
0.783 0.783 0.78703 0.79106 0.79509 0.79643 0.51427 0.68222 0.75344 0.74403 0.72253 0.72253 0.72656 0.73463 0.72522 0.73866 0.70775 0.72388 0.78165 0.70775 0.76956 0.80315 0.8139 0.80718 0.80718 0.79509 0.76284 0.85018 0.83271 0.80315 0.75344 0.76687 0.76822 0.76687 0.76419 0.74941 0.7709 0.74941 0.75747 0.75209
0.75612 0.75478 0.75344 0.75612 0.76284 0.75747 0.46052 0.62982 0.71716 0.71044 0.6876 0.68222 0.69163 0.69566 0.69297 0.70104 0.67551 0.69432 0.76687 0.67148 0.75881 0.78837 0.79509 0.79106 0.78837 0.783 0.73597 0.84212 0.83137 0.783 0.74134 0.75075 0.75344 0.75478 0.75478 0.74134 0.76553 0.76419 0.77493 0.77628
